--- FM Hyperparameter Search (N=18) ---
Init Size  | LR    | Epochs | Huber  | WD     | Spearman r  | Top-5% Recall
--------------------------------------------------------------------------------
20         | 0.1   | 120    | No     | 0.0    | 0.4250      | 0.1892
20         | 0.1   | 120    | Yes    | 0.01   | 0.5917      | 0.2973
20         | 0.1   | 200    | No     | 0.0    | 0.4262      | 0.1892
20         | 0.1   | 200    | Yes    | 0.01   | 0.6180      | 0.3243
20         | 0.1   | 500    | No     | 0.0    | 0.4261      | 0.1892
20         | 0.1   | 500    | Yes    | 0.01   | 0.6885      | 0.4595
20         | 0.05  | 120    | No     | 0.0    | 0.3376      | 0.1892
20         | 0.05  | 120    | Yes    | 0.01   | 0.5177      | 0.2973
20         | 0.05  | 200    | No     | 0.0    | 0.3345      | 0.1622
20         | 0.05  | 200    | Yes    | 0.01   | 0.5548      | 0.2973
20         | 0.05  | 500    | No     | 0.0    | 0.3343      | 0.1622
20         | 0.05  | 500    | Yes    | 0.01   | 0.6453      | 0.3514
20         | 0.01  | 120    | No     | 0.0    | 0.2498      | 0.2162
20         | 0.01  | 120    | Yes    | 0.01   | 0.3276      | 0.2703
20         | 0.01  | 200    | No     | 0.0    | 0.2558      | 0.2162
20         | 0.01  | 200    | Yes    | 0.01   | 0.3734      | 0.2703
20         | 0.01  | 500    | No     | 0.0    | 0.2465      | 0.1622
20         | 0.01  | 500    | Yes    | 0.01   | 0.4684      | 0.3514
40         | 0.1   | 120    | No     | 0.0    | 0.6704      | 0.4054
40         | 0.1   | 120    | Yes    | 0.01   | 0.7281      | 0.4054
40         | 0.1   | 200    | No     | 0.0    | 0.6979      | 0.4054
40         | 0.1   | 200    | Yes    | 0.01   | 0.7336      | 0.4865
40         | 0.1   | 500    | No     | 0.0    | 0.7020      | 0.5135
40         | 0.1   | 500    | Yes    | 0.01   | 0.6702      | 0.4865
40         | 0.05  | 120    | No     | 0.0    | 0.5641      | 0.4054
40         | 0.05  | 120    | Yes    | 0.01   | 0.7126      | 0.3784
40         | 0.05  | 200    | No     | 0.0    | 0.6354      | 0.3784
40         | 0.05  | 200    | Yes    | 0.01   | 0.7041      | 0.4324
40         | 0.05  | 500    | No     | 0.0    | 0.6975      | 0.4054
40         | 0.05  | 500    | Yes    | 0.01   | 0.7566      | 0.5405
40         | 0.01  | 120    | No     | 0.0    | 0.3687      | 0.3243
40         | 0.01  | 120    | Yes    | 0.01   | 0.4369      | 0.3514
40         | 0.01  | 200    | No     | 0.0    | 0.4178      | 0.3514
40         | 0.01  | 200    | Yes    | 0.01   | 0.5679      | 0.4054
40         | 0.01  | 500    | No     | 0.0    | 0.5187      | 0.4054
40         | 0.01  | 500    | Yes    | 0.01   | 0.6752      | 0.3243
